5.080000 
8.340000 
8.930000 
8.360000 
14.260000 
8.500000 
11.080000 
14.520000 
19.370000 
12.630000 
9.950000 
10.550000 
6.740000 
11.370000 
16.130000 
11.730000 
13.090000 
17.810000 
9.660000 
9.290000 
15.140000 
6.550000 
13.370000 
8.520000 
11.210000 
11.910000 
14.190000 
8.960000 
14.640000 
13.070000 
3.510000 
10.320000 
3.940000 
9.820000 
9.120000 
12.510000 
16.190000 
7.200000 
1.070000 
9.410000 
12.520000 
10.380000 
15.960000 
13.420000 
12.390000 
13.830000 
9.490000 
10.750000 
2.000000 
14.700000 
9.480000 
12.970000 
16.340000 
12.830000 
10.590000 
7.660000 
9.960000 
10.990000 
13.500000 
6.090000 
12.760000 
7.970000 
11.220000 
12.290000 
0.830000 
5.000000 
16.650000 
13.960000 
2.980000 
3.440000 
7.440000 
11.360000 
18.540000 
9.670000 
8.090000 
13.680000 
5.360000 
5.810000 
14.910000 
14.170000 
7.690000 
11.610000 
10.310000 
6.360000 
9.520000 
11.270000 
3.940000 
6.170000 
5.470000 
11.520000 
10.150000 
10.520000 
13.560000 
16.880000 
5.940000 
16.210000 
11.310000 
12.280000 
9.270000 
13.270000 
9.250000 
13.860000 
8.490000 
10.750000 
11.010000 
2.320000 
14.530000 
16.910000 
6.800000 
4.360000 
11.100000 
8.170000 
6.480000 
10.760000 
13.760000 
10.790000 
13.870000 
1.660000 
10.940000 
8.300000 
2.170000 
8.470000 
11.490000 
17.030000 
6.670000 
8.360000 
3.270000 
9.740000 
12.480000 
13.080000 
10.110000 
12.600000 
18.790000 
9.730000 
7.200000 
10.330000 
12.810000 
7.870000 
11.100000 
8.720000 
15.490000 
11.900000 
6.780000 
5.870000 
4.670000 
5.140000 
13.740000 
17.640000 
3.230000 
9.100000 
13.050000 
10.600000 
9.800000 
9.830000 
9.530000 
2.050000 
14.710000 
5.620000 
12.750000 
12.160000 
9.860000 
18.150000 
3.880000 
7.130000 
3.910000 
7.700000 
11.890000 
8.150000 
9.870000 
10.490000 
6.680000 
2.380000 
17.200000 
17.770000 
10.690000 
8.790000 
16.280000 
6.250000 
4.180000 
2.900000 
9.850000 
6.390000 
7.030000 
7.310000 
2.770000 
6.640000 
13.940000 
4.990000 
4.960000 
1.860000 
16.920000 
13.490000 
8.270000 
8.910000 
11.380000 
12.080000 
5.310000 
9.030000 
7.840000 
6.950000 
10.430000 
14.310000 
11.770000 
5.820000 
8.400000 
9.010000 
11.520000 
14.670000 
9.950000 
2.420000 
4.350000 
10.980000 
7.560000 
6.340000 
5.080000 
9.640000 
5.470000 
13.870000 
4.400000 
10.680000 
14.710000 
15.630000 
8.350000 
8.340000 
13.190000 
1.440000 
12.700000 
9.600000 
8.370000 
12.710000 
13.350000 
4.820000 
2.710000 
8.870000 
9.860000 
7.670000 
4.850000 
8.030000 
8.010000 
2.730000 
9.680000 
10.520000 
10.510000 
12.520000 
15.570000 
9.430000 
18.640000 
7.190000 
9.980000 
7.200000 
5.240000 
3.180000 
3.560000 
7.820000 
9.580000 
6.730000 
17.140000 
9.510000 
17.910000 
14.910000 
16.130000 
15.360000 
3.720000 
6.770000 
4.970000 
10.630000 
6.810000 
5.850000 
10.000000 
16.510000 
8.880000 
13.770000 
9.450000 
8.150000 
11.910000 
4.220000 
13.080000 
7.720000 
9.830000 
8.830000 
6.080000 
12.300000 
9.180000 
7.290000 
14.130000 
6.260000 
5.520000 
7.940000 
14.910000 
11.510000 
10.150000 
13.180000 
16.260000 
8.260000 
14.950000 
10.900000 
15.460000 
9.150000 
16.130000 
3.650000 
12.650000 
9.160000 
12.840000 
10.910000 
15.600000 
9.880000 
12.480000 
9.800000 
9.270000 
11.710000 
15.490000 
8.810000 
15.100000 
11.810000 
10.540000 
17.100000 
6.040000 
14.880000 
11.020000 
11.950000 
9.690000 
3.530000 
9.470000 
14.280000 
9.490000 
8.070000 
10.000000 
5.280000 
7.750000 
10.860000 
11.350000 
6.670000 
13.910000 
3.020000 
10.940000 
7.970000 
4.450000 
13.320000 
13.830000 
12.890000 
11.050000 
11.880000 
10.080000 
3.690000 
9.870000 
6.780000 
8.980000 
12.050000 
14.250000 
11.510000 
10.980000 
1.110000 
8.610000 
14.680000 
11.340000 
11.070000 
8.840000 
10.690000 
1.810000 
7.290000 
7.060000 
15.320000 
12.950000 
10.500000 
9.550000 
15.140000 
7.250000 
3.450000 
12.320000 
18.350000 
9.880000 
12.570000 
12.240000 
10.310000 
15.040000 
12.330000 
14.050000 
7.530000 
11.880000 
9.240000 
6.040000 
2.390000 
13.330000 
10.040000 
9.500000 
15.690000 
5.800000 
5.710000 
4.350000 
15.800000 
8.720000 
7.300000 
9.300000 
6.680000 
9.790000 
18.420000 
8.360000 
17.920000 
10.500000 
8.150000 
13.190000 
2.610000 
2.230000 
14.820000 
9.720000 
12.820000 
10.230000 
18.990000 
10.440000 
4.360000 
3.560000 
10.450000 
10.990000 
13.060000 
9.880000 
3.380000 
10.200000 
10.320000 
6.020000 
11.090000 
14.380000 
4.680000 
6.010000 
8.770000 
18.080000 
9.080000 
17.740000 
8.370000 
1.460000 
10.710000 
6.360000 
8.230000 
13.400000 
12.960000 
12.460000 
8.680000 
2.700000 
6.870000 
9.370000 
5.590000 
2.720000 
5.300000 
1.370000 
2.800000 
11.760000 
2.050000 
6.250000 
15.790000 
15.520000 
14.630000 
14.370000 
9.350000 
8.940000 
13.250000 
12.000000 
11.370000 
6.270000 
9.740000 
17.260000 
8.960000 
9.980000 
12.870000 
16.600000 
4.470000 
6.950000 
14.690000 
14.520000 
7.840000 
18.060000 
7.580000 
12.350000 
3.320000 
13.700000 
3.690000 
5.000000 
10.360000 
7.950000 
12.580000 
11.950000 
14.920000 
7.940000 
10.080000 
8.610000 
11.090000 
16.450000 
1.210000 
17.310000 
10.860000 
2.120000 
9.780000 
9.560000 
10.450000 
12.000000 
4.480000 
9.930000 
13.050000 
12.480000 
10.020000 
7.660000 
3.650000 
11.950000 
15.430000 
8.260000 
16.420000 
12.420000 
7.530000 
16.450000 
10.260000 
6.830000 
7.850000 
7.240000 
17.750000 
10.650000 
15.070000 
9.540000 
10.740000 
9.200000 
12.140000 
4.930000 
7.660000 
9.230000 
6.400000 
5.830000 
11.480000 
3.990000 
9.560000 
12.030000 
2.450000 
13.970000 
14.260000 
10.470000 
7.480000 
6.610000 
17.840000 
11.570000 
6.820000 
10.950000 
1.800000 
5.380000 
9.620000 
11.050000 
14.090000 
9.280000 
8.920000 
10.770000 
8.000000 
14.220000 
8.900000 
13.290000 
7.330000 
13.150000 
16.790000 
10.460000 
13.740000 
8.870000 
14.600000 
7.070000 
8.170000 
14.670000 
11.150000 
5.440000 
16.600000 
7.570000 
13.010000 
5.900000 
9.960000 
11.430000 
8.040000 
13.690000 
15.190000 
6.850000 
10.180000 
12.530000 
6.830000 
18.350000 
10.730000 
6.150000 
10.290000 
8.780000 
15.400000 
6.400000 
3.410000 
9.600000 
16.340000 
11.760000 
3.660000 
5.250000 
8.460000 
17.020000 
9.680000 
8.890000 
9.930000 
15.540000 
12.300000 
9.840000 
13.900000 
6.660000 
12.240000 
2.300000 
9.670000 
8.090000 
12.680000 
7.500000 
11.400000 
3.890000 
6.940000 
9.320000 
15.530000 
14.620000 
5.730000 
12.590000 
12.380000 
11.570000 
9.340000 
17.930000 
6.690000 
13.660000 
8.000000 
15.440000 
10.970000 
4.930000 
11.110000 
13.400000 
17.290000 
8.230000 
11.310000 
11.930000 
6.900000 
12.770000 
17.510000 
8.660000 
10.590000 
13.190000 
15.300000 
4.680000 
5.050000 
7.070000 
15.310000 
17.050000 
7.940000 
3.310000 
10.380000 
14.150000 
8.100000 
16.460000 
11.770000 
13.450000 
10.590000 
9.790000 
15.550000 
12.970000 
13.090000 
7.300000 
9.530000 
6.930000 
4.750000 
7.560000 
13.510000 
2.390000 
7.990000 
6.460000 
15.500000 
7.320000 
15.060000 
11.060000 
18.020000 
13.430000 
10.540000 
14.720000 
7.450000 
14.130000 
2.600000 
7.740000 
4.960000 
3.520000 
2.400000 
14.130000 
11.980000 
9.090000 
10.730000 
10.690000 
13.520000 
6.000000 
12.750000 
12.210000 
17.320000 
18.190000 
10.070000 
12.120000 
11.190000 
8.190000 
10.850000 
9.240000 
4.400000 
9.720000 
11.930000 
3.780000 
14.200000 
12.730000 
15.010000 
14.090000 
17.290000 
13.100000 
7.210000 
10.380000 
8.600000 
10.790000 
7.430000 
7.610000 
8.920000 
8.560000 
2.890000 
14.600000 
13.740000 
11.070000 
10.910000 
18.440000 
16.160000 
13.580000 
14.750000 
8.270000 
14.240000 
10.210000 
6.850000 
2.630000 
13.940000 
13.370000 
13.140000 
13.450000 
11.830000 
7.590000 
15.570000 
12.480000 
2.660000 
11.170000 
11.020000 
13.720000 
7.370000 
9.070000 
6.080000 
9.960000 
3.880000 
11.750000 
9.800000 
9.770000 
2.700000 
13.330000 
7.800000 
9.460000 
8.460000 
16.480000 
11.930000 
17.670000 
12.580000 
10.750000 
15.030000 
8.160000 
2.300000 
9.710000 
7.570000 
6.760000 
11.230000 
7.720000 
8.630000 
7.160000 
12.120000 
8.560000 
6.370000 
13.270000 
7.360000 
10.760000 
13.540000 
16.520000 
13.490000 
7.010000 
4.150000 
14.430000 
2.230000 
11.640000 
16.700000 
16.370000 
5.900000 
10.940000 
15.450000 
16.650000 
13.810000 
8.390000 
9.060000 
18.060000 
6.920000 
7.870000 
7.130000 
11.170000 
5.770000 
2.770000 
1.300000 
7.740000 
6.560000 
10.180000 
15.580000 
6.150000 
14.640000 
8.990000 
11.980000 
4.960000 
4.390000 
12.630000 
14.040000 
14.510000 
4.180000 
11.840000 
8.590000 
7.980000 
8.540000 
10.350000 
6.110000 
11.520000 
4.830000 
14.740000 
10.300000 
8.510000 
12.920000 
5.370000 
3.030000 
15.730000 
5.770000 
4.760000 
10.710000 
4.530000 
11.500000 
18.570000 
3.270000 
15.570000 
15.310000 
3.850000 
14.270000 
16.040000 
12.510000 
11.600000 
12.180000 
12.890000 
8.060000 
7.470000 
9.030000 
4.680000 
8.090000 
11.080000 
7.010000 
10.930000 
8.570000 
11.370000 
14.760000 
4.040000 
13.090000 
5.960000 
9.510000 
7.840000 
11.540000 
3.370000 
10.930000 
7.140000 
13.170000 
10.930000 
19.470000 
6.320000 
13.100000 
10.740000 
10.250000 
5.080000 
9.840000 
6.850000 
11.300000 
10.840000 
5.000000 
8.980000 
5.980000 
8.310000 
6.930000 
11.870000 
5.050000 
4.230000 
9.610000 
12.220000 
9.150000 
10.830000 
7.900000 
4.130000 
10.790000 
4.260000 
6.440000 
8.280000 
6.770000 
17.480000 
7.100000 
9.830000 
11.120000 
8.570000 
1.790000 
7.460000 
17.450000 
9.780000 
9.990000 
6.730000 
9.480000 
11.240000 
12.190000 
2.950000 
8.080000 
14.640000 
14.420000 
9.120000 
10.310000 
12.390000 
15.550000 
16.560000 
11.800000 
8.790000 
7.150000 
14.340000 
13.450000 
9.370000 
18.470000 
9.160000 
9.990000 
5.880000 
4.160000 
5.510000 
12.860000 
12.470000 
9.770000 
4.070000 
11.070000 
16.210000 
7.290000 
6.490000 
7.110000 
2.340000 
1.480000 
12.170000 
7.850000 
9.430000 
7.600000 
3.860000 
14.310000 
9.400000 
10.940000 
10.640000 
9.430000 
11.780000 
8.960000 
13.420000 
14.050000 
0.620000 
10.290000 
3.360000 
12.340000 
9.620000 
2.920000 
15.160000 
12.390000 
0.520000 
10.810000 
6.020000 
8.630000 
16.690000 
12.980000 
12.160000 
6.910000 
7.720000 
19.330000 
7.850000 
3.970000 
6.830000 
1.210000 
17.140000 
17.830000 
19.270000 
1.060000 
13.740000 
8.030000 
11.280000 
15.430000 
8.150000 
16.820000 
9.350000 
2.920000 
15.240000 
10.940000 
8.280000 
8.890000 
11.340000 
6.640000 
12.860000 
8.660000 
11.050000 
7.630000 
9.630000 
0.700000 
11.310000 
11.610000 
